1 22 0 6 16 11 4 4 0 0 0 1 2
2 35 2 23 10 4 2 21 0 2 5 0 1
3 23 0 13 10 11 5 2 1 0 0 4 0
4 13 0 5 8 7 2 3 0 0 0 1 0
5 15 0 4 11 9 4 2 0 0 0 0 0
6 9 0 2 7 3 2 3 0 0 0 1 0
7 34 1 17 16 19 7 5 0 0 0 3 0
8 9 0 2 7 4 3 1 0 0 0 0 1
9 37 0 22 15 14 4 17 2 0 0 0 0
10 17 0 7 10 9 4 2 0 0 0 1 1
11 38 1 19 18 6 5 23 0 0 4 0 0
12 32 0 15 17 12 2 14 1 0 2 0 1
13 6 0 2 4 3 1 2 0 0 0 0 0
14 10 0 5 5 5 1 1 1 0 0 1 1
15 17 1 4 12 9 4 1 0 0 0 1 2
16 21 0 11 10 8 4 7 0 0 0 1 1
17 13 1 5 7 6 2 2 0 0 1 0 2
18 19 0 8 11 8 7 3 0 0 0 0 1
19 11 1 5 5 5 4 0 1 0 0 0 1
20 8 0 3 5 2 3 2 0 0 0 1 0