1 Signal 4 30,100 4,800 9 8 5
2 TWSC 4 12,000 1,200 9 11 15
3 TWSC 4 18,000 800 9 8 6
4 Signal 4 11,200 10,900 8 2 3
5 Signal 4 30,700 18,400 3 7 5
6 Signal 4 31,500 3,600 6 1 2
7 TWSC 4 21,000 1,000 11 9 14
8 Signal 4 23,800 22,300 2 4 3
9 Signal 4 47,000 8,500 15 12 10
10 TWSC 4 15,000 1,500 7 6 4
11 Signal 4 42,000 1,950 12 15 11
12 Signal 4 46,000 18,500 10 14 8
13 Signal 4 11,400 11,400 4 1 1
14 Signal 4 24,800 21,200 5 3 2
15 TWSC 4 26,000 500 6 3 8
16 Signal 4 12,400 7,300 7 11 3
17 TWSC 4 14,400 3,200 4 4 5
18 Signal 4 17,600 4,500 2 10 7
19 TWSC 4 15,400 2,500 5 2 4
20 Signal 4 54,500 5,600 4 2 2